(kicad_pcb (version 20171130) (host pcbnew "(5.1.6)-1")

  (general
    (thickness 1.6)
    (drawings 24)
    (tracks 303)
    (zones 0)
    (modules 49)
    (nets 43)
  )

  (page A4)
  (layers
    (0 F.Cu signal)
    (31 B.Cu signal)
    (32 B.Adhes user)
    (33 F.Adhes user)
    (34 B.Paste user hide)
    (35 F.Paste user)
    (36 B.SilkS user hide)
    (37 F.SilkS user)
    (38 B.Mask user hide)
    (39 F.Mask user hide)
    (40 Dwgs.User user hide)
    (41 Cmts.User user hide)
    (42 Eco1.User user hide)
    (43 Eco2.User user hide)
    (44 Edge.Cuts user)
    (45 Margin user hide)
    (46 B.CrtYd user)
    (47 F.CrtYd user)
    (48 B.Fab user)
    (49 F.Fab user hide)
  )

  (setup
    (last_trace_width 0.127)
    (user_trace_width 0.127)
    (user_trace_width 0.254)
    (user_trace_width 1)
    (trace_clearance 0.25)
    (zone_clearance 0.2)
    (zone_45_only no)
    (trace_min 0.0002)
    (via_size 0.8)
    (via_drill 0.4)
    (via_min_size 0.00004)
    (via_min_drill 0.00003)
    (user_via 0.59 0.38)
    (uvia_size 0.3)
    (uvia_drill 0.1)
    (uvias_allowed yes)
    (uvia_min_size 0.00002)
    (uvia_min_drill 0.00001)
    (edge_width 0.05)
    (segment_width 0.2)
    (pcb_text_width 0.3)
    (pcb_text_size 1.5 1.5)
    (mod_edge_width 0.12)
    (mod_text_size 1 1)
    (mod_text_width 0.15)
    (pad_size 4 4)
    (pad_drill 0)
    (pad_to_mask_clearance 0.25)
    (aux_axis_origin 57.69 95.78)
    (grid_origin 57.69 95.62)
    (visible_elements 7FFFFFFF)
    (pcbplotparams
      (layerselection 0x010fc_ffffffff)
      (usegerberextensions false)
      (usegerberattributes true)
      (usegerberadvancedattributes true)
      (creategerberjobfile true)
      (excludeedgelayer true)
      (linewidth 0.100000)
      (plotframeref false)
      (viasonmask false)
      (mode 1)
      (useauxorigin false)
      (hpglpennumber 1)
      (hpglpenspeed 20)
      (hpglpendiameter 15.000000)
      (psnegative false)
      (psa4output false)
      (plotreference true)
      (plotvalue true)
      (plotinvisibletext false)
      (padsonsilk false)
      (subtractmaskfromsilk false)
      (outputformat 1)
      (mirror false)
      (drillshape 1)
      (scaleselection 1)
      (outputdirectory ""))
  )

  (net 0 "")
  (net 1 TempBat)
  (net 2 GND)
  (net 3 +Bat)
  (net 4 "Net-(AdministracionBateria1-Pad4)")
  (net 5 /Bateria/Cargando)
  (net 6 "Net-(AdministracionBateria1-Pad1)")
  (net 7 10V)
  (net 8 /Salida/Alimentacion)
  (net 9 -HV)
  (net 10 +HV)
  (net 11 "Net-(C6-Pad2)")
  (net 12 "Net-(C6-Pad1)")
  (net 13 "Net-(Cbst1-Pad2)")
  (net 14 "Net-(Cbst1-Pad1)")
  (net 15 "Net-(Cc1-Pad2)")
  (net 16 "Net-(Cc1-Pad1)")
  (net 17 "Net-(Cc2-Pad2)")
  (net 18 "Net-(Cc2-Pad1)")
  (net 19 "Net-(Cin1-Pad2)")
  (net 20 "Net-(D1-Pad1)")
  (net 21 "Net-(D1-Pad2)")
  (net 22 "Net-(D4-Pad2)")
  (net 23 "Net-(DriverPotencia1-PadP5)")
  (net 24 "Net-(DriverPotencia1-PadG4)")
  (net 25 /Salida/SP1ONOFF)
  (net 26 /Salida/SN1ONOFF)
  (net 27 "Net-(DriverPotencia1-PadA2)")
  (net 28 SDAPresion)
  (net 29 SCLPresion)
  (net 30 "Net-(R1fb1-Pad2)")
  (net 31 "Net-(RecpetorPotenciaInalambrica1-PadE4)")
  (net 32 "Net-(RecpetorPotenciaInalambrica1-PadD4)")
  (net 33 "Net-(RecpetorPotenciaInalambrica1-PadD3)")
  (net 34 "Net-(RecpetorPotenciaInalambrica1-PadB3)")
  (net 35 "Net-(U1-Pad10)")
  (net 36 "Net-(U1-Pad5)")
  (net 37 "Net-(Coil1-Pad1)")
  (net 38 "Net-(RecpetorPotenciaInalambrica1-PadD2)")
  (net 39 "Net-(RecpetorPotenciaInalambrica1-PadB2)")
  (net 40 "Net-(RecpetorPotenciaInalambrica1-PadA2)")
  (net 41 "Net-(D2-Pad1)")
  (net 42 "Net-(D3-Pad2)")

  (net_class Default "This is the default net class."
    (clearance 0.25)
    (trace_width 0.25)
    (via_dia 0.8)
    (via_drill 0.4)
    (uvia_dia 0.3)
    (uvia_drill 0.1)
    (add_net +HV)
    (add_net /Salida/Alimentacion)
    (add_net /Salida/SN1ONOFF)
    (add_net /Salida/SP1ONOFF)
    (add_net 10V)
    (add_net "Net-(C6-Pad1)")
    (add_net "Net-(C6-Pad2)")
    (add_net "Net-(Coil1-Pad1)")
    (add_net "Net-(D1-Pad2)")
    (add_net "Net-(DriverPotencia1-PadA2)")
    (add_net "Net-(DriverPotencia1-PadG4)")
    (add_net "Net-(DriverPotencia1-PadP5)")
    (add_net "Net-(U1-Pad10)")
    (add_net "Net-(U1-Pad5)")
    (add_net SCLPresion)
    (add_net SDAPresion)
    (add_net TempBat)
  )

  (net_class Integraditos ""
    (clearance 0.025)
    (trace_width 0.125)
    (via_dia 0.8)
    (via_drill 0.4)
    (uvia_dia 0.3)
    (uvia_drill 0.1)
    (add_net +Bat)
    (add_net /Bateria/Cargando)
    (add_net "Net-(AdministracionBateria1-Pad1)")
    (add_net "Net-(AdministracionBateria1-Pad4)")
    (add_net "Net-(Cbst1-Pad1)")
    (add_net "Net-(Cbst1-Pad2)")
    (add_net "Net-(Cc2-Pad2)")
    (add_net "Net-(R1fb1-Pad2)")
    (add_net "Net-(RecpetorPotenciaInalambrica1-PadD4)")
  )

  (net_class Integrados ""
    (clearance 0.125)
    (trace_width 0.125)
    (via_dia 0.8)
    (via_drill 0.4)
    (uvia_dia 0.3)
    (uvia_drill 0.1)
    (add_net GND)
    (add_net "Net-(Cc1-Pad1)")
    (add_net "Net-(Cc1-Pad2)")
    (add_net "Net-(Cin1-Pad2)")
    (add_net "Net-(RecpetorPotenciaInalambrica1-PadA2)")
    (add_net "Net-(RecpetorPotenciaInalambrica1-PadB2)")
    (add_net "Net-(RecpetorPotenciaInalambrica1-PadB3)")
    (add_net "Net-(RecpetorPotenciaInalambrica1-PadD2)")
    (add_net "Net-(RecpetorPotenciaInalambrica1-PadD3)")
    (add_net "Net-(RecpetorPotenciaInalambrica1-PadE4)")
  )

  (net_class Potencia ""
    (clearance 0.125)
    (trace_width 0.25)
    (via_dia 0.8)
    (via_drill 0.4)
    (uvia_dia 0.3)
    (uvia_drill 0.1)
    (add_net -HV)
    (add_net "Net-(Cc2-Pad1)")
    (add_net "Net-(D1-Pad1)")
    (add_net "Net-(D2-Pad1)")
    (add_net "Net-(D3-Pad2)")
    (add_net "Net-(D4-Pad2)")
  )

  (module TestPoint:TestPoint_Pad_D4.0mm (layer F.Cu) (tedit 5FFE3BFC) (tstamp 5FFF1123)
    (at 209.25 66.96)
    (descr "SMD pad as test Point, diameter 4.0mm")
    (tags "test point SMD pad")
    (attr virtual)
    (fp_text reference 1Vo (at -0.2 -3.34) (layer F.SilkS)
      (effects (font (size 1 1) (thickness 0.15)))
    )
    (fp_text value TestPoint_Pad_D4.0mm (at 0 3.1) (layer F.Fab)
      (effects (font (size 1 1) (thickness 0.15)))
    )
    (fp_text user %R (at 0 -2.9) (layer F.Fab)
      (effects (font (size 1 1) (thickness 0.15)))
    )
    (fp_circle (center 0 0) (end 2.5 0) (layer F.CrtYd) (width 0.05))
    (fp_circle (center 0 0) (end 0 2.25) (layer F.SilkS) (width 0.12))
    (pad 1 smd circle (at 0 0) (size 4 4) (layers F.Cu F.Mask)
      (net 6 "Net-(AdministracionBateria1-Pad1)"))
  )

  (module TestPoint:TestPoint_Pad_D4.0mm (layer F.Cu) (tedit 5FFE3AFA) (tstamp 5FFF10E1)
    (at 215.83 67.05)
    (descr "SMD pad as test Point, diameter 4.0mm")
    (tags "test point SMD pad")
    (attr virtual)
    (fp_text reference 1GND (at 0.26 -3.48) (layer F.SilkS)
      (effects (font (size 1 1) (thickness 0.15)))
    )
    (fp_text value TestPoint_Pad_D4.0mm (at 0 3.1) (layer F.Fab)
      (effects (font (size 1 1) (thickness 0.15)))
    )
    (fp_text user %R (at -0.03 -3.52) (layer F.Fab)
      (effects (font (size 1 1) (thickness 0.15)))
    )
    (fp_circle (center 0 0) (end 2.5 0) (layer F.CrtYd) (width 0.05))
    (fp_circle (center 0 0) (end 0 2.25) (layer F.SilkS) (width 0.12))
    (pad 1 smd circle (at 0 0) (size 4 4) (layers F.Cu F.Mask)
      (net 2 GND))
  )

  (module Capacitor_SMD:C_0805_2012Metric (layer F.Cu) (tedit 5B36C52B) (tstamp 5F839D75)
    (at 215.15 55.82 270)
    (descr "Capacitor SMD 0805 (2012 Metric), square (rectangular) end terminal, IPC_7351 nominal, (Body size source: https://docs.google.com/spreadsheets/d/1BsfQQcO9C6DZCsRaXUlFlo91Tg2WpOkGARC1WS5S8t0/edit?usp=sharing), generated with kicad-footprint-generator")
    (tags capacitor)
    (path /5F3EBDF0/5F3F0D19)
    (attr smd)
    (fp_text reference 1C8 (at 2.4 0.02 180) (layer F.SilkS)
      (effects (font (size 1 1) (thickness 0.15)))
    )
    (fp_text value 1n (at 0 1.17 90) (layer F.Fab)
      (effects (font (size 1 1) (thickness 0.15)))
    )
    (fp_line (start 1.68 0.95) (end -1.68 0.95) (layer F.CrtYd) (width 0.05))
    (fp_line (start 1.68 -0.95) (end 1.68 0.95) (layer F.CrtYd) (width 0.05))
    (fp_line (start -1.68 -0.95) (end 1.68 -0.95) (layer F.CrtYd) (width 0.05))
    (fp_line (start -1.68 0.95) (end -1.68 -0.95) (layer F.CrtYd) (width 0.05))
    (fp_line (start -0.258578 0.71) (end 0.258578 0.71) (layer F.SilkS) (width 0.12))
    (fp_line (start -0.258578 -0.71) (end 0.258578 -0.71) (layer F.SilkS) (width 0.12))
    (fp_line (start 1 0.6) (end -1 0.6) (layer F.Fab) (width 0.1))
    (fp_line (start 1 -0.6) (end 1 0.6) (layer F.Fab) (width 0.1))
    (fp_line (start -1 -0.6) (end 1 -0.6) (layer F.Fab) (width 0.1))
    (fp_line (start -1 0.6) (end -1 -0.6) (layer F.Fab) (width 0.1))
    (fp_text user %R (at 0 0 90) (layer F.Fab)
      (effects (font (size 0.25 0.25) (thickness 0.04)))
    )
    (pad 2 smd roundrect (at 0.9375 0 270) (size 0.975 1.4) (layers F.Cu F.Paste F.Mask) (roundrect_rratio 0.25)
      (net 17 "Net-(Cc2-Pad2)"))
    (pad 1 smd roundrect (at -0.9375 0 270) (size 0.975 1.4) (layers F.Cu F.Paste F.Mask) (roundrect_rratio 0.25)
      (net 18 "Net-(Cc2-Pad1)"))
    (model ${KISYS3DMOD}/Capacitor_SMD.3dshapes/C_0805_2012Metric.wrl
      (at (xyz 0 0 0))
      (scale (xyz 1 1 1))
      (rotate (xyz 0 0 0))
    )
  )

  (module Capacitor_SMD:C_0805_2012Metric (layer F.Cu) (tedit 5B36C52B) (tstamp 5FB3B40E)
    (at 197.74 59.15 90)
    (descr "Capacitor SMD 0805 (2012 Metric), square (rectangular) end terminal, IPC_7351 nominal, (Body size source: https://docs.google.com/spreadsheets/d/1BsfQQcO9C6DZCsRaXUlFlo91Tg2WpOkGARC1WS5S8t0/edit?usp=sharing), generated with kicad-footprint-generator")
    (tags capacitor)
    (path /5F3EBDF0/5F3F01C7)
    (attr smd)
    (fp_text reference 1C1 (at -2.45 -0.03 180) (layer F.SilkS)
      (effects (font (size 1 1) (thickness 0.15)))
    )
    (fp_text value 1n (at 0 1.17 90) (layer F.Fab)
      (effects (font (size 1 1) (thickness 0.15)))
    )
    (fp_line (start 1.68 0.95) (end -1.68 0.95) (layer F.CrtYd) (width 0.05))
    (fp_line (start 1.68 -0.95) (end 1.68 0.95) (layer F.CrtYd) (width 0.05))
    (fp_line (start -1.68 -0.95) (end 1.68 -0.95) (layer F.CrtYd) (width 0.05))
    (fp_line (start -1.68 0.95) (end -1.68 -0.95) (layer F.CrtYd) (width 0.05))
    (fp_line (start -0.258578 0.71) (end 0.258578 0.71) (layer F.SilkS) (width 0.12))
    (fp_line (start -0.258578 -0.71) (end 0.258578 -0.71) (layer F.SilkS) (width 0.12))
    (fp_line (start 1 0.6) (end -1 0.6) (layer F.Fab) (width 0.1))
    (fp_line (start 1 -0.6) (end 1 0.6) (layer F.Fab) (width 0.1))
    (fp_line (start -1 -0.6) (end 1 -0.6) (layer F.Fab) (width 0.1))
    (fp_line (start -1 0.6) (end -1 -0.6) (layer F.Fab) (width 0.1))
    (fp_text user %R (at 0 0 90) (layer F.Fab)
      (effects (font (size 0.25 0.25) (thickness 0.04)))
    )
    (pad 2 smd roundrect (at 0.9375 0 90) (size 0.975 1.4) (layers F.Cu F.Paste F.Mask) (roundrect_rratio 0.25)
      (net 15 "Net-(Cc1-Pad2)"))
    (pad 1 smd roundrect (at -0.9375 0 90) (size 0.975 1.4) (layers F.Cu F.Paste F.Mask) (roundrect_rratio 0.25)
      (net 16 "Net-(Cc1-Pad1)"))
    (model ${KISYS3DMOD}/Capacitor_SMD.3dshapes/C_0805_2012Metric.wrl
      (at (xyz 0 0 0))
      (scale (xyz 1 1 1))
      (rotate (xyz 0 0 0))
    )
  )

  (module TestPoint:TestPoint_Pad_D2.5mm (layer F.Cu) (tedit 5A0F774F) (tstamp 5FFD05E4)
    (at 139.62 59.65)
    (descr "SMD pad as test Point, diameter 2.5mm")
    (tags "test point SMD pad")
    (path /5F3D0683/5F42E43A)
    (attr virtual)
    (fp_text reference 2V- (at 0.38 2.94) (layer F.SilkS)
      (effects (font (size 1 1) (thickness 0.15)))
    )
    (fp_text value Conn_01x01_Male (at 0 2.25) (layer F.Fab)
      (effects (font (size 1 1) (thickness 0.15)))
    )
    (fp_circle (center 0 0) (end 1.75 0) (layer F.CrtYd) (width 0.05))
    (fp_circle (center 0 0) (end 0 1.45) (layer F.SilkS) (width 0.12))
    (fp_text user %R (at 0 -2.15) (layer F.Fab)
      (effects (font (size 1 1) (thickness 0.15)))
    )
    (pad 1 smd circle (at 0 0) (size 2.5 2.5) (layers F.Cu F.Mask)
      (net 9 -HV))
  )

  (module Resistor_SMD:R_0805_2012Metric (layer B.Cu) (tedit 5B36C52B) (tstamp 5F8EB5D7)
    (at 129.02 108.83 270)
    (descr "Resistor SMD 0805 (2012 Metric), square (rectangular) end terminal, IPC_7351 nominal, (Body size source: https://docs.google.com/spreadsheets/d/1BsfQQcO9C6DZCsRaXUlFlo91Tg2WpOkGARC1WS5S8t0/edit?usp=sharing), generated with kicad-footprint-generator")
    (tags resistor)
    (path /5F3EBDF0/5F478013)
    (attr smd)
    (fp_text reference 3R2 (at 2.9 0.14) (layer B.SilkS)
      (effects (font (size 1 1) (thickness 0.15)) (justify mirror))
    )
    (fp_text value 10k (at 0 -1.65 270) (layer B.Fab)
      (effects (font (size 1 1) (thickness 0.15)) (justify mirror))
    )
    (fp_line (start 1.68 -0.95) (end -1.68 -0.95) (layer B.CrtYd) (width 0.05))
    (fp_line (start 1.68 0.95) (end 1.68 -0.95) (layer B.CrtYd) (width 0.05))
    (fp_line (start -1.68 0.95) (end 1.68 0.95) (layer B.CrtYd) (width 0.05))
    (fp_line (start -1.68 -0.95) (end -1.68 0.95) (layer B.CrtYd) (width 0.05))
    (fp_line (start -0.258578 -0.71) (end 0.258578 -0.71) (layer B.SilkS) (width 0.12))
    (fp_line (start -0.258578 0.71) (end 0.258578 0.71) (layer B.SilkS) (width 0.12))
    (fp_line (start 1 -0.6) (end -1 -0.6) (layer B.Fab) (width 0.1))
    (fp_line (start 1 0.6) (end 1 -0.6) (layer B.Fab) (width 0.1))
    (fp_line (start -1 0.6) (end 1 0.6) (layer B.Fab) (width 0.1))
    (fp_line (start -1 -0.6) (end -1 0.6) (layer B.Fab) (width 0.1))
    (fp_text user %R (at 0 0 270) (layer B.Fab)
      (effects (font (size 0.5 0.5) (thickness 0.08)) (justify mirror))
    )
    (pad 2 smd roundrect (at 0.9375 0 270) (size 0.975 1.4) (layers B.Cu B.Paste B.Mask) (roundrect_rratio 0.25)
      (net 5 /Bateria/Cargando))
    (pad 1 smd roundrect (at -0.9375 0 270) (size 0.975 1.4) (layers B.Cu B.Paste B.Mask) (roundrect_rratio 0.25)
      (net 3 +Bat))
    (model ${KISYS3DMOD}/Resistor_SMD.3dshapes/R_0805_2012Metric.wrl
      (at (xyz 0 0 0))
      (scale (xyz 1 1 1))
      (rotate (xyz 0 0 0))
    )
  )

  (module Resistor_SMD:R_0805_2012Metric (layer F.Cu) (tedit 5B36C52B) (tstamp 5FB39F96)
    (at 197.81 65.77 270)
    (descr "Resistor SMD 0805 (2012 Metric), square (rectangular) end terminal, IPC_7351 nominal, (Body size source: https://docs.google.com/spreadsheets/d/1BsfQQcO9C6DZCsRaXUlFlo91Tg2WpOkGARC1WS5S8t0/edit?usp=sharing), generated with kicad-footprint-generator")
    (tags resistor)
    (path /5F3EBDF0/5F3F2621)
    (attr smd)
    (fp_text reference 1RM1 (at 2.64 -0.07 180) (layer F.SilkS)
      (effects (font (size 1 1) (thickness 0.15)))
    )
    (fp_text value 60k (at 0 1.65 90) (layer F.Fab)
      (effects (font (size 1 1) (thickness 0.15)))
    )
    (fp_line (start 1.68 0.95) (end -1.68 0.95) (layer F.CrtYd) (width 0.05))
    (fp_line (start 1.68 -0.95) (end 1.68 0.95) (layer F.CrtYd) (width 0.05))
    (fp_line (start -1.68 -0.95) (end 1.68 -0.95) (layer F.CrtYd) (width 0.05))
    (fp_line (start -1.68 0.95) (end -1.68 -0.95) (layer F.CrtYd) (width 0.05))
    (fp_line (start -0.258578 0.71) (end 0.258578 0.71) (layer F.SilkS) (width 0.12))
    (fp_line (start -0.258578 -0.71) (end 0.258578 -0.71) (layer F.SilkS) (width 0.12))
    (fp_line (start 1 0.6) (end -1 0.6) (layer F.Fab) (width 0.1))
    (fp_line (start 1 -0.6) (end 1 0.6) (layer F.Fab) (width 0.1))
    (fp_line (start -1 -0.6) (end 1 -0.6) (layer F.Fab) (width 0.1))
    (fp_line (start -1 0.6) (end -1 -0.6) (layer F.Fab) (width 0.1))
    (fp_text user %R (at 0 0 90) (layer F.Fab)
      (effects (font (size 0.5 0.5) (thickness 0.08)))
    )
    (pad 2 smd roundrect (at 0.9375 0 270) (size 0.975 1.4) (layers F.Cu F.Paste F.Mask) (roundrect_rratio 0.25)
      (net 2 GND))
    (pad 1 smd roundrect (at -0.9375 0 270) (size 0.975 1.4) (layers F.Cu F.Paste F.Mask) (roundrect_rratio 0.25)
      (net 32 "Net-(RecpetorPotenciaInalambrica1-PadD4)"))
    (model ${KISYS3DMOD}/Resistor_SMD.3dshapes/R_0805_2012Metric.wrl
      (at (xyz 0 0 0))
      (scale (xyz 1 1 1))
      (rotate (xyz 0 0 0))
    )
  )

  (module Resistor_SMD:R_0805_2012Metric (layer F.Cu) (tedit 5B36C52B) (tstamp 5F839DD5)
    (at 138.79 121.12 180)
    (descr "Resistor SMD 0805 (2012 Metric), square (rectangular) end terminal, IPC_7351 nominal, (Body size source: https://docs.google.com/spreadsheets/d/1BsfQQcO9C6DZCsRaXUlFlo91Tg2WpOkGARC1WS5S8t0/edit?usp=sharing), generated with kicad-footprint-generator")
    (tags resistor)
    (path /5F3EBDF0/5F44B6C8)
    (attr smd)
    (fp_text reference 3R2 (at 0 -1.65) (layer F.SilkS)
      (effects (font (size 1 1) (thickness 0.15)))
    )
    (fp_text value R (at 0 1.65) (layer F.Fab)
      (effects (font (size 1 1) (thickness 0.15)))
    )
    (fp_line (start 1.68 0.95) (end -1.68 0.95) (layer F.CrtYd) (width 0.05))
    (fp_line (start 1.68 -0.95) (end 1.68 0.95) (layer F.CrtYd) (width 0.05))
    (fp_line (start -1.68 -0.95) (end 1.68 -0.95) (layer F.CrtYd) (width 0.05))
    (fp_line (start -1.68 0.95) (end -1.68 -0.95) (layer F.CrtYd) (width 0.05))
    (fp_line (start -0.258578 0.71) (end 0.258578 0.71) (layer F.SilkS) (width 0.12))
    (fp_line (start -0.258578 -0.71) (end 0.258578 -0.71) (layer F.SilkS) (width 0.12))
    (fp_line (start 1 0.6) (end -1 0.6) (layer F.Fab) (width 0.1))
    (fp_line (start 1 -0.6) (end 1 0.6) (layer F.Fab) (width 0.1))
    (fp_line (start -1 -0.6) (end 1 -0.6) (layer F.Fab) (width 0.1))
    (fp_line (start -1 0.6) (end -1 -0.6) (layer F.Fab) (width 0.1))
    (fp_text user %R (at 0 0) (layer F.Fab)
      (effects (font (size 0.5 0.5) (thickness 0.08)))
    )
    (pad 2 smd roundrect (at 0.9375 0 180) (size 0.975 1.4) (layers F.Cu F.Paste F.Mask) (roundrect_rratio 0.25)
      (net 6 "Net-(AdministracionBateria1-Pad1)"))
    (pad 1 smd roundrect (at -0.9375 0 180) (size 0.975 1.4) (layers F.Cu F.Paste F.Mask) (roundrect_rratio 0.25)
      (net 2 GND))
    (model ${KISYS3DMOD}/Resistor_SMD.3dshapes/R_0805_2012Metric.wrl
      (at (xyz 0 0 0))
      (scale (xyz 1 1 1))
      (rotate (xyz 0 0 0))
    )
  )

  (module Resistor_SMD:R_0805_2012Metric (layer F.Cu) (tedit 5B36C52B) (tstamp 5FFD271B)
    (at 135.08 104.18 180)
    (descr "Resistor SMD 0805 (2012 Metric), square (rectangular) end terminal, IPC_7351 nominal, (Body size source: https://docs.google.com/spreadsheets/d/1BsfQQcO9C6DZCsRaXUlFlo91Tg2WpOkGARC1WS5S8t0/edit?usp=sharing), generated with kicad-footprint-generator")
    (tags resistor)
    (path /5F3EBDF0/5F427DAE)
    (attr smd)
    (fp_text reference 3R1 (at -0.16 -1.81) (layer F.SilkS)
      (effects (font (size 1 1) (thickness 0.15)))
    )
    (fp_text value 10k (at 0 1.65) (layer F.Fab)
      (effects (font (size 1 1) (thickness 0.15)))
    )
    (fp_line (start 1.68 0.95) (end -1.68 0.95) (layer F.CrtYd) (width 0.05))
    (fp_line (start 1.68 -0.95) (end 1.68 0.95) (layer F.CrtYd) (width 0.05))
    (fp_line (start -1.68 -0.95) (end 1.68 -0.95) (layer F.CrtYd) (width 0.05))
    (fp_line (start -1.68 0.95) (end -1.68 -0.95) (layer F.CrtYd) (width 0.05))
    (fp_line (start -0.258578 0.71) (end 0.258578 0.71) (layer F.SilkS) (width 0.12))
    (fp_line (start -0.258578 -0.71) (end 0.258578 -0.71) (layer F.SilkS) (width 0.12))
    (fp_line (start 1 0.6) (end -1 0.6) (layer F.Fab) (width 0.1))
    (fp_line (start 1 -0.6) (end 1 0.6) (layer F.Fab) (width 0.1))
    (fp_line (start -1 -0.6) (end 1 -0.6) (layer F.Fab) (width 0.1))
    (fp_line (start -1 0.6) (end -1 -0.6) (layer F.Fab) (width 0.1))
    (fp_text user %R (at 0 0) (layer F.Fab)
      (effects (font (size 0.5 0.5) (thickness 0.08)))
    )
    (pad 2 smd roundrect (at 0.9375 0 180) (size 0.975 1.4) (layers F.Cu F.Paste F.Mask) (roundrect_rratio 0.25)
      (net 4 "Net-(AdministracionBateria1-Pad4)"))
    (pad 1 smd roundrect (at -0.9375 0 180) (size 0.975 1.4) (layers F.Cu F.Paste F.Mask) (roundrect_rratio 0.25)
      (net 2 GND))
    (model ${KISYS3DMOD}/Resistor_SMD.3dshapes/R_0805_2012Metric.wrl
      (at (xyz 0 0 0))
      (scale (xyz 1 1 1))
      (rotate (xyz 0 0 0))
    )
  )

  (module Resistor_SMD:R_0805_2012Metric (layer F.Cu) (tedit 5B36C52B) (tstamp 5FB388B5)
    (at 213.4 60.6 90)
    (descr "Resistor SMD 0805 (2012 Metric), square (rectangular) end terminal, IPC_7351 nominal, (Body size source: https://docs.google.com/spreadsheets/d/1BsfQQcO9C6DZCsRaXUlFlo91Tg2WpOkGARC1WS5S8t0/edit?usp=sharing), generated with kicad-footprint-generator")
    (tags resistor)
    (path /5F3EBDF0/5F408C04)
    (attr smd)
    (fp_text reference 1R2 (at -2.43 -1.41 180) (layer F.SilkS)
      (effects (font (size 1 1) (thickness 0.15)))
    )
    (fp_text value 10k (at 0 1.65 90) (layer F.Fab)
      (effects (font (size 1 1) (thickness 0.15)))
    )
    (fp_line (start 1.68 0.95) (end -1.68 0.95) (layer F.CrtYd) (width 0.05))
    (fp_line (start 1.68 -0.95) (end 1.68 0.95) (layer F.CrtYd) (width 0.05))
    (fp_line (start -1.68 -0.95) (end 1.68 -0.95) (layer F.CrtYd) (width 0.05))
    (fp_line (start -1.68 0.95) (end -1.68 -0.95) (layer F.CrtYd) (width 0.05))
    (fp_line (start -0.258578 0.71) (end 0.258578 0.71) (layer F.SilkS) (width 0.12))
    (fp_line (start -0.258578 -0.71) (end 0.258578 -0.71) (layer F.SilkS) (width 0.12))
    (fp_line (start 1 0.6) (end -1 0.6) (layer F.Fab) (width 0.1))
    (fp_line (start 1 -0.6) (end 1 0.6) (layer F.Fab) (width 0.1))
    (fp_line (start -1 -0.6) (end 1 -0.6) (layer F.Fab) (width 0.1))
    (fp_line (start -1 0.6) (end -1 -0.6) (layer F.Fab) (width 0.1))
    (fp_text user %R (at 0 0 90) (layer F.Fab)
      (effects (font (size 0.5 0.5) (thickness 0.08)))
    )
    (pad 2 smd roundrect (at 0.9375 0 90) (size 0.975 1.4) (layers F.Cu F.Paste F.Mask) (roundrect_rratio 0.25)
      (net 30 "Net-(R1fb1-Pad2)"))
    (pad 1 smd roundrect (at -0.9375 0 90) (size 0.975 1.4) (layers F.Cu F.Paste F.Mask) (roundrect_rratio 0.25)
      (net 2 GND))
    (model ${KISYS3DMOD}/Resistor_SMD.3dshapes/R_0805_2012Metric.wrl
      (at (xyz 0 0 0))
      (scale (xyz 1 1 1))
      (rotate (xyz 0 0 0))
    )
  )

  (module Resistor_SMD:R_0805_2012Metric (layer B.Cu) (tedit 5B36C52B) (tstamp 5FB38A68)
    (at 215.96 65.69 90)
    (descr "Resistor SMD 0805 (2012 Metric), square (rectangular) end terminal, IPC_7351 nominal, (Body size source: https://docs.google.com/spreadsheets/d/1BsfQQcO9C6DZCsRaXUlFlo91Tg2WpOkGARC1WS5S8t0/edit?usp=sharing), generated with kicad-footprint-generator")
    (tags resistor)
    (path /5F3EBDF0/5F4084FD)
    (attr smd)
    (fp_text reference 1R1 (at -3.04 -0.15 180) (layer B.SilkS)
      (effects (font (size 1 1) (thickness 0.15)) (justify mirror))
    )
    (fp_text value 46k (at 0 -1.65 270) (layer B.Fab)
      (effects (font (size 1 1) (thickness 0.15)) (justify mirror))
    )
    (fp_line (start 1.68 -0.95) (end -1.68 -0.95) (layer B.CrtYd) (width 0.05))
    (fp_line (start 1.68 0.95) (end 1.68 -0.95) (layer B.CrtYd) (width 0.05))
    (fp_line (start -1.68 0.95) (end 1.68 0.95) (layer B.CrtYd) (width 0.05))
    (fp_line (start -1.68 -0.95) (end -1.68 0.95) (layer B.CrtYd) (width 0.05))
    (fp_line (start -0.258578 -0.71) (end 0.258578 -0.71) (layer B.SilkS) (width 0.12))
    (fp_line (start -0.258578 0.71) (end 0.258578 0.71) (layer B.SilkS) (width 0.12))
    (fp_line (start 1 -0.6) (end -1 -0.6) (layer B.Fab) (width 0.1))
    (fp_line (start 1 0.6) (end 1 -0.6) (layer B.Fab) (width 0.1))
    (fp_line (start -1 0.6) (end 1 0.6) (layer B.Fab) (width 0.1))
    (fp_line (start -1 -0.6) (end -1 0.6) (layer B.Fab) (width 0.1))
    (fp_text user %R (at 0 0 270) (layer B.Fab)
      (effects (font (size 0.5 0.5) (thickness 0.08)) (justify mirror))
    )
    (pad 2 smd roundrect (at 0.9375 0 90) (size 0.975 1.4) (layers B.Cu B.Paste B.Mask) (roundrect_rratio 0.25)
      (net 30 "Net-(R1fb1-Pad2)"))
    (pad 1 smd roundrect (at -0.9375 0 90) (size 0.975 1.4) (layers B.Cu B.Paste B.Mask) (roundrect_rratio 0.25)
      (net 6 "Net-(AdministracionBateria1-Pad1)"))
    (model ${KISYS3DMOD}/Resistor_SMD.3dshapes/R_0805_2012Metric.wrl
      (at (xyz 0 0 0))
      (scale (xyz 1 1 1))
      (rotate (xyz 0 0 0))
    )
  )

  (module Resistor_SMD:R_0805_2012Metric (layer B.Cu) (tedit 5B36C52B) (tstamp 5F8F19B0)
    (at 192.87 114.27)
    (descr "Resistor SMD 0805 (2012 Metric), square (rectangular) end terminal, IPC_7351 nominal, (Body size source: https://docs.google.com/spreadsheets/d/1BsfQQcO9C6DZCsRaXUlFlo91Tg2WpOkGARC1WS5S8t0/edit?usp=sharing), generated with kicad-footprint-generator")
    (tags resistor)
    (path /5F3EA43A)
    (attr smd)
    (fp_text reference 4R2 (at 0 1.65 180) (layer B.SilkS)
      (effects (font (size 1 1) (thickness 0.15)) (justify mirror))
    )
    (fp_text value 10k (at 0 -1.65 180) (layer B.Fab)
      (effects (font (size 1 1) (thickness 0.15)) (justify mirror))
    )
    (fp_line (start 1.68 -0.95) (end -1.68 -0.95) (layer B.CrtYd) (width 0.05))
    (fp_line (start 1.68 0.95) (end 1.68 -0.95) (layer B.CrtYd) (width 0.05))
    (fp_line (start -1.68 0.95) (end 1.68 0.95) (layer B.CrtYd) (width 0.05))
    (fp_line (start -1.68 -0.95) (end -1.68 0.95) (layer B.CrtYd) (width 0.05))
    (fp_line (start -0.258578 -0.71) (end 0.258578 -0.71) (layer B.SilkS) (width 0.12))
    (fp_line (start -0.258578 0.71) (end 0.258578 0.71) (layer B.SilkS) (width 0.12))
    (fp_line (start 1 -0.6) (end -1 -0.6) (layer B.Fab) (width 0.1))
    (fp_line (start 1 0.6) (end 1 -0.6) (layer B.Fab) (width 0.1))
    (fp_line (start -1 0.6) (end 1 0.6) (layer B.Fab) (width 0.1))
    (fp_line (start -1 -0.6) (end -1 0.6) (layer B.Fab) (width 0.1))
    (fp_text user %R (at 0 0 180) (layer B.Fab)
      (effects (font (size 0.5 0.5) (thickness 0.08)) (justify mirror))
    )
    (pad 2 smd roundrect (at 0.9375 0) (size 0.975 1.4) (layers B.Cu B.Paste B.Mask) (roundrect_rratio 0.25)
      (net 29 SCLPresion))
    (pad 1 smd roundrect (at -0.9375 0) (size 0.975 1.4) (layers B.Cu B.Paste B.Mask) (roundrect_rratio 0.25)
      (net 11 "Net-(C6-Pad2)"))
    (model ${KISYS3DMOD}/Resistor_SMD.3dshapes/R_0805_2012Metric.wrl
      (at (xyz 0 0 0))
      (scale (xyz 1 1 1))
      (rotate (xyz 0 0 0))
    )
  )

  (module Resistor_SMD:R_0805_2012Metric (layer B.Cu) (tedit 5B36C52B) (tstamp 5F8EB47B)
    (at 201.07 122.66)
    (descr "Resistor SMD 0805 (2012 Metric), square (rectangular) end terminal, IPC_7351 nominal, (Body size source: https://docs.google.com/spreadsheets/d/1BsfQQcO9C6DZCsRaXUlFlo91Tg2WpOkGARC1WS5S8t0/edit?usp=sharing), generated with kicad-footprint-generator")
    (tags resistor)
    (path /5F3E9874)
    (attr smd)
    (fp_text reference 4R1 (at 0 1.65 180) (layer B.SilkS)
      (effects (font (size 1 1) (thickness 0.15)) (justify mirror))
    )
    (fp_text value 10k (at 0 -1.65 180) (layer B.Fab)
      (effects (font (size 1 1) (thickness 0.15)) (justify mirror))
    )
    (fp_line (start 1.68 -0.95) (end -1.68 -0.95) (layer B.CrtYd) (width 0.05))
    (fp_line (start 1.68 0.95) (end 1.68 -0.95) (layer B.CrtYd) (width 0.05))
    (fp_line (start -1.68 0.95) (end 1.68 0.95) (layer B.CrtYd) (width 0.05))
    (fp_line (start -1.68 -0.95) (end -1.68 0.95) (layer B.CrtYd) (width 0.05))
    (fp_line (start -0.258578 -0.71) (end 0.258578 -0.71) (layer B.SilkS) (width 0.12))
    (fp_line (start -0.258578 0.71) (end 0.258578 0.71) (layer B.SilkS) (width 0.12))
    (fp_line (start 1 -0.6) (end -1 -0.6) (layer B.Fab) (width 0.1))
    (fp_line (start 1 0.6) (end 1 -0.6) (layer B.Fab) (width 0.1))
    (fp_line (start -1 0.6) (end 1 0.6) (layer B.Fab) (width 0.1))
    (fp_line (start -1 -0.6) (end -1 0.6) (layer B.Fab) (width 0.1))
    (fp_text user %R (at 0 0 180) (layer B.Fab)
      (effects (font (size 0.5 0.5) (thickness 0.08)) (justify mirror))
    )
    (pad 2 smd roundrect (at 0.9375 0) (size 0.975 1.4) (layers B.Cu B.Paste B.Mask) (roundrect_rratio 0.25)
      (net 28 SDAPresion))
    (pad 1 smd roundrect (at -0.9375 0) (size 0.975 1.4) (layers B.Cu B.Paste B.Mask) (roundrect_rratio 0.25)
      (net 11 "Net-(C6-Pad2)"))
    (model ${KISYS3DMOD}/Resistor_SMD.3dshapes/R_0805_2012Metric.wrl
      (at (xyz 0 0 0))
      (scale (xyz 1 1 1))
      (rotate (xyz 0 0 0))
    )
  )

  (module BSS84:SOT95P240X120-3N (layer F.Cu) (tedit 0) (tstamp 5FFD371B)
    (at 124.04 105.06)
    (descr "SOT-23 3L")
    (tags "MOSFET (P-Channel)")
    (path /5F3EBDF0/5FB6037E)
    (attr smd)
    (fp_text reference 3Q1 (at 0.12 3.05) (layer F.SilkS)
      (effects (font (size 1.27 1.27) (thickness 0.254)))
    )
    (fp_text value BSS84 (at 0 0) (layer F.SilkS) hide
      (effects (font (size 1.27 1.27) (thickness 0.254)))
    )
    (fp_line (start -1.675 -1.55) (end -0.625 -1.55) (layer F.SilkS) (width 0.2))
    (fp_line (start -0.275 1.46) (end -0.275 -1.46) (layer F.SilkS) (width 0.2))
    (fp_line (start 0.275 1.46) (end -0.275 1.46) (layer F.SilkS) (width 0.2))
    (fp_line (start 0.275 -1.46) (end 0.275 1.46) (layer F.SilkS) (width 0.2))
    (fp_line (start -0.275 -1.46) (end 0.275 -1.46) (layer F.SilkS) (width 0.2))
    (fp_line (start -0.662 -0.51) (end 0.288 -1.46) (layer F.Fab) (width 0.1))
    (fp_line (start -0.662 1.46) (end -0.662 -1.46) (layer F.Fab) (width 0.1))
    (fp_line (start 0.662 1.46) (end -0.662 1.46) (layer F.Fab) (width 0.1))
    (fp_line (start 0.662 -1.46) (end 0.662 1.46) (layer F.Fab) (width 0.1))
    (fp_line (start -0.662 -1.46) (end 0.662 -1.46) (layer F.Fab) (width 0.1))
    (fp_line (start -1.925 1.81) (end -1.925 -1.81) (layer F.CrtYd) (width 0.05))
    (fp_line (start 1.925 1.81) (end -1.925 1.81) (layer F.CrtYd) (width 0.05))
    (fp_line (start 1.925 -1.81) (end 1.925 1.81) (layer F.CrtYd) (width 0.05))
    (fp_line (start -1.925 -1.81) (end 1.925 -1.81) (layer F.CrtYd) (width 0.05))
    (fp_text user %R (at 0 0) (layer F.Fab)
      (effects (font (size 1.27 1.27) (thickness 0.254)))
    )
    (pad 3 smd rect (at 1.15 0 90) (size 0.7 1.05) (layers F.Cu F.Paste F.Mask)
      (net 3 +Bat))
    (pad 2 smd rect (at -1.15 0.95 90) (size 0.7 1.05) (layers F.Cu F.Paste F.Mask)
      (net 8 /Salida/Alimentacion))
    (pad 1 smd rect (at -1.15 -0.95 90) (size 0.7 1.05) (layers F.Cu F.Paste F.Mask)
      (net 6 "Net-(AdministracionBateria1-Pad1)"))
    (model D:\KiCAD\SamacSys_Parts.3dshapes\BSS84.stp
      (at (xyz 0 0 0))
      (scale (xyz 1 1 1))
      (rotate (xyz 0 0 0))
    )
  )

  (module Diodo1N4150W-e3-08:SOD3716X135N (layer B.Cu) (tedit 0) (tstamp 5FFD18F4)
    (at 141.91 59.05)
    (descr sod-123vishay)
    (tags Diode)
    (path /5F3D0683/5FB41538)
    (attr smd)
    (fp_text reference 2D4 (at 0.03 2.53) (layer B.SilkS)
      (effects (font (size 1.27 1.27) (thickness 0.254)) (justify mirror))
    )
    (fp_text value 1N4150W-E3-08 (at 0 0) (layer B.SilkS) hide
      (effects (font (size 1.27 1.27) (thickness 0.254)) (justify mirror))
    )
    (fp_line (start -1.35 -0.775) (end 1.35 -0.775) (layer B.SilkS) (width 0.2))
    (fp_line (start -2.275 0.775) (end 1.35 0.775) (layer B.SilkS) (width 0.2))
    (fp_line (start -1.35 0.15) (end -0.725 0.775) (layer B.Fab) (width 0.1))
    (fp_line (start -1.35 -0.775) (end -1.35 0.775) (layer B.Fab) (width 0.1))
    (fp_line (start 1.35 -0.775) (end -1.35 -0.775) (layer B.Fab) (width 0.1))
    (fp_line (start 1.35 0.775) (end 1.35 -0.775) (layer B.Fab) (width 0.1))
    (fp_line (start -1.35 0.775) (end 1.35 0.775) (layer B.Fab) (width 0.1))
    (fp_line (start -2.525 -1.675) (end -2.525 1.675) (layer B.CrtYd) (width 0.05))
    (fp_line (start 2.525 -1.675) (end -2.525 -1.675) (layer B.CrtYd) (width 0.05))
    (fp_line (start 2.525 1.675) (end 2.525 -1.675) (layer B.CrtYd) (width 0.05))
    (fp_line (start -2.525 1.675) (end 2.525 1.675) (layer B.CrtYd) (width 0.05))
    (fp_text user %R (at 0 0) (layer B.Fab)
      (effects (font (size 1.27 1.27) (thickness 0.254)) (justify mirror))
    )
    (pad 2 smd rect (at 1.65 0 270) (size 0.75 1.25) (layers B.Cu B.Paste B.Mask)
      (net 22 "Net-(D4-Pad2)"))
    (pad 1 smd rect (at -1.65 0 270) (size 0.75 1.25) (layers B.Cu B.Paste B.Mask)
      (net 21 "Net-(D1-Pad2)"))
    (model D:\KiCAD\SamacSys_Parts.3dshapes\1N4150W-E3-08.stp
      (at (xyz 0 0 0))
      (scale (xyz 1 1 1))
      (rotate (xyz 0 0 0))
    )
  )

  (module Diodo1N4150W-e3-08:SOD3716X135N (layer B.Cu) (tedit 0) (tstamp 5FFD1FBB)
    (at 156.53 68.12 90)
    (descr sod-123vishay)
    (tags Diode)
    (path /5F3D0683/5FB409B6)
    (attr smd)
    (fp_text reference 2D3 (at -3.62 -0.01 180) (layer B.SilkS)
      (effects (font (size 1.27 1.27) (thickness 0.254)) (justify mirror))
    )
    (fp_text value 1N4150W-E3-08 (at 0 0 90) (layer B.SilkS) hide
      (effects (font (size 1.27 1.27) (thickness 0.254)) (justify mirror))
    )
    (fp_line (start -1.35 -0.775) (end 1.35 -0.775) (layer B.SilkS) (width 0.2))
    (fp_line (start -2.275 0.775) (end 1.35 0.775) (layer B.SilkS) (width 0.2))
    (fp_line (start -1.35 0.15) (end -0.725 0.775) (layer B.Fab) (width 0.1))
    (fp_line (start -1.35 -0.775) (end -1.35 0.775) (layer B.Fab) (width 0.1))
    (fp_line (start 1.35 -0.775) (end -1.35 -0.775) (layer B.Fab) (width 0.1))
    (fp_line (start 1.35 0.775) (end 1.35 -0.775) (layer B.Fab) (width 0.1))
    (fp_line (start -1.35 0.775) (end 1.35 0.775) (layer B.Fab) (width 0.1))
    (fp_line (start -2.525 -1.675) (end -2.525 1.675) (layer B.CrtYd) (width 0.05))
    (fp_line (start 2.525 -1.675) (end -2.525 -1.675) (layer B.CrtYd) (width 0.05))
    (fp_line (start 2.525 1.675) (end 2.525 -1.675) (layer B.CrtYd) (width 0.05))
    (fp_line (start -2.525 1.675) (end 2.525 1.675) (layer B.CrtYd) (width 0.05))
    (fp_text user %R (at 0 0 90) (layer B.Fab)
      (effects (font (size 1.27 1.27) (thickness 0.254)) (justify mirror))
    )
    (pad 2 smd rect (at 1.65 0) (size 0.75 1.25) (layers B.Cu B.Paste B.Mask)
      (net 42 "Net-(D3-Pad2)"))
    (pad 1 smd rect (at -1.65 0) (size 0.75 1.25) (layers B.Cu B.Paste B.Mask)
      (net 21 "Net-(D1-Pad2)"))
    (model D:\KiCAD\SamacSys_Parts.3dshapes\1N4150W-E3-08.stp
      (at (xyz 0 0 0))
      (scale (xyz 1 1 1))
      (rotate (xyz 0 0 0))
    )
  )

  (module Diodo1N4150W-e3-08:SOD3716X135N (layer B.Cu) (tedit 0) (tstamp 5FFD0669)
    (at 140.3 71.05 180)
    (descr sod-123vishay)
    (tags Diode)
    (path /5F3D0683/5FB40FC0)
    (attr smd)
    (fp_text reference 2D2 (at 0.14 -2.97) (layer B.SilkS)
      (effects (font (size 1.27 1.27) (thickness 0.254)) (justify mirror))
    )
    (fp_text value 1N4150W-E3-08 (at 0 0) (layer B.SilkS) hide
      (effects (font (size 1.27 1.27) (thickness 0.254)) (justify mirror))
    )
    (fp_line (start -1.35 -0.775) (end 1.35 -0.775) (layer B.SilkS) (width 0.2))
    (fp_line (start -2.275 0.775) (end 1.35 0.775) (layer B.SilkS) (width 0.2))
    (fp_line (start -1.35 0.15) (end -0.725 0.775) (layer B.Fab) (width 0.1))
    (fp_line (start -1.35 -0.775) (end -1.35 0.775) (layer B.Fab) (width 0.1))
    (fp_line (start 1.35 -0.775) (end -1.35 -0.775) (layer B.Fab) (width 0.1))
    (fp_line (start 1.35 0.775) (end 1.35 -0.775) (layer B.Fab) (width 0.1))
    (fp_line (start -1.35 0.775) (end 1.35 0.775) (layer B.Fab) (width 0.1))
    (fp_line (start -2.525 -1.675) (end -2.525 1.675) (layer B.CrtYd) (width 0.05))
    (fp_line (start 2.525 -1.675) (end -2.525 -1.675) (layer B.CrtYd) (width 0.05))
    (fp_line (start 2.525 1.675) (end 2.525 -1.675) (layer B.CrtYd) (width 0.05))
    (fp_line (start -2.525 1.675) (end 2.525 1.675) (layer B.CrtYd) (width 0.05))
    (fp_text user %R (at 0 0) (layer B.Fab)
      (effects (font (size 1.27 1.27) (thickness 0.254)) (justify mirror))
    )
    (pad 2 smd rect (at 1.65 0 90) (size 0.75 1.25) (layers B.Cu B.Paste B.Mask)
      (net 21 "Net-(D1-Pad2)"))
    (pad 1 smd rect (at -1.65 0 90) (size 0.75 1.25) (layers B.Cu B.Paste B.Mask)
      (net 41 "Net-(D2-Pad1)"))
    (model D:\KiCAD\SamacSys_Parts.3dshapes\1N4150W-E3-08.stp
      (at (xyz 0 0 0))
      (scale (xyz 1 1 1))
      (rotate (xyz 0 0 0))
    )
  )

  (module Diodo1N4150W-e3-08:SOD3716X135N (layer B.Cu) (tedit 0) (tstamp 5FFD0603)
    (at 140.04 64.32 180)
    (descr sod-123vishay)
    (tags Diode)
    (path /5F3D0683/5FB3FE5F)
    (attr smd)
    (fp_text reference 2D1 (at 0.08 -2.65) (layer B.SilkS)
      (effects (font (size 1.27 1.27) (thickness 0.254)) (justify mirror))
    )
    (fp_text value 1N4150W-E3-08 (at 0 0) (layer B.SilkS) hide
      (effects (font (size 1.27 1.27) (thickness 0.254)) (justify mirror))
    )
    (fp_line (start -1.35 -0.775) (end 1.35 -0.775) (layer B.SilkS) (width 0.2))
    (fp_line (start -2.275 0.775) (end 1.35 0.775) (layer B.SilkS) (width 0.2))
    (fp_line (start -1.35 0.15) (end -0.725 0.775) (layer B.Fab) (width 0.1))
    (fp_line (start -1.35 -0.775) (end -1.35 0.775) (layer B.Fab) (width 0.1))
    (fp_line (start 1.35 -0.775) (end -1.35 -0.775) (layer B.Fab) (width 0.1))
    (fp_line (start 1.35 0.775) (end 1.35 -0.775) (layer B.Fab) (width 0.1))
    (fp_line (start -1.35 0.775) (end 1.35 0.775) (layer B.Fab) (width 0.1))
    (fp_line (start -2.525 -1.675) (end -2.525 1.675) (layer B.CrtYd) (width 0.05))
    (fp_line (start 2.525 -1.675) (end -2.525 -1.675) (layer B.CrtYd) (width 0.05))
    (fp_line (start 2.525 1.675) (end 2.525 -1.675) (layer B.CrtYd) (width 0.05))
    (fp_line (start -2.525 1.675) (end 2.525 1.675) (layer B.CrtYd) (width 0.05))
    (fp_text user %R (at 0 0) (layer B.Fab)
      (effects (font (size 1.27 1.27) (thickness 0.254)) (justify mirror))
    )
    (pad 2 smd rect (at 1.65 0 90) (size 0.75 1.25) (layers B.Cu B.Paste B.Mask)
      (net 21 "Net-(D1-Pad2)"))
    (pad 1 smd rect (at -1.65 0 90) (size 0.75 1.25) (layers B.Cu B.Paste B.Mask)
      (net 20 "Net-(D1-Pad1)"))
    (model D:\KiCAD\SamacSys_Parts.3dshapes\1N4150W-E3-08.stp
      (at (xyz 0 0 0))
      (scale (xyz 1 1 1))
      (rotate (xyz 0 0 0))
    )
  )

  (module Capacitor_SMD:C_0805_2012Metric (layer F.Cu) (tedit 5B36C52B) (tstamp 5FB5A872)
    (at 131.84 121.23)
    (descr "Capacitor SMD 0805 (2012 Metric), square (rectangular) end terminal, IPC_7351 nominal, (Body size source: https://docs.google.com/spreadsheets/d/1BsfQQcO9C6DZCsRaXUlFlo91Tg2WpOkGARC1WS5S8t0/edit?usp=sharing), generated with kicad-footprint-generator")
    (tags capacitor)
    (path /5F3EBDF0/5F456249)
    (attr smd)
    (fp_text reference 3C1 (at 0 1.72) (layer F.SilkS)
      (effects (font (size 1 1) (thickness 0.15)))
    )
    (fp_text value 2.2u (at 0 1.65) (layer F.Fab)
      (effects (font (size 1 1) (thickness 0.15)))
    )
    (fp_line (start 1.68 0.95) (end -1.68 0.95) (layer F.CrtYd) (width 0.05))
    (fp_line (start 1.68 -0.95) (end 1.68 0.95) (layer F.CrtYd) (width 0.05))
    (fp_line (start -1.68 -0.95) (end 1.68 -0.95) (layer F.CrtYd) (width 0.05))
    (fp_line (start -1.68 0.95) (end -1.68 -0.95) (layer F.CrtYd) (width 0.05))
    (fp_line (start -0.258578 0.71) (end 0.258578 0.71) (layer F.SilkS) (width 0.12))
    (fp_line (start -0.258578 -0.71) (end 0.258578 -0.71) (layer F.SilkS) (width 0.12))
    (fp_line (start 1 0.6) (end -1 0.6) (layer F.Fab) (width 0.1))
    (fp_line (start 1 -0.6) (end 1 0.6) (layer F.Fab) (width 0.1))
